0.0388235294117647
0.0388235294117647
0.05176470588235294
0.06470588235294118
0.09058823529411764
0.0776470588235294
0.09058823529411764
0.11647058823529412
0.14235294117647057
0.14235294117647057
0.1552941176470588
0.16823529411764707
0.18117647058823527
0.18117647058823527
0.19411764705882353
0.21999999999999997
0.23294117647058823
0.24588235294117644
0.25882352941176473
0.25882352941176473
0.28470588235294114
0.2976470588235294
0.2976470588235294
0.3235294117647059
0.33647058823529413
0.33647058823529413
0.36235294117647054
0.3494117647058823
0.3752941176470588
0.3752941176470588
0.3752941176470588
0.4011764705882353
0.41411764705882353
0.4270588235294117
0.4270588235294117
0.46588235294117647
0.46588235294117647
0.46588235294117647
0.4917647058823529
0.4917647058823529
0.5047058823529411
0.5176470588235295
0.5305882352941176
0.5305882352941176
0.5564705882352942
0.5564705882352942
0.5694117647058823
0.5823529411764706
0.5823529411764706
0.5952941176470588
0.608235294117647
0.608235294117647
0.6211764705882352
0.6211764705882352
0.6341176470588235
0.6599999999999999
0.6599999999999999
0.6599999999999999
0.6729411764705883
0.6858823529411764
0.6988235294117646
0.6988235294117646
0.6988235294117646
0.711764705882353
0.711764705882353
0.7247058823529411
0.7247058823529411
0.7376470588235294
0.7376470588235294
0.7635294117647058
0.7635294117647058
0.7764705882352941
0.7764705882352941
0.7764705882352941
0.7894117647058823
0.7894117647058823
0.8023529411764706
0.8023529411764706
0.8152941176470587
0.8152941176470587
0.8152941176470587
0.8282352941176471
0.8152941176470587
0.8411764705882353
0.8411764705882353
0.8411764705882353
0.8541176470588234
0.8541176470588234
0.8541176470588234
0.8541176470588234
0.8670588235294118
0.8799999999999999
0.8929411764705882
0.8929411764705882
0.8929411764705882
0.8929411764705882
0.8929411764705882
0.9058823529411765
0.9058823529411765
0.9058823529411765
0.9188235294117646
0.9058823529411765
0.9188235294117646
0.9188235294117646
0.9317647058823529
0.9317647058823529
0.9317647058823529
0.9317647058823529
0.9447058823529411
0.9317647058823529
0.9447058823529411
0.9576470588235294
0.9576470588235294
0.9576470588235294
0.9576470588235294
0.9576470588235294
0.9576470588235294
0.9576470588235294
0.9705882352941176
0.9835294117647058
0.9705882352941176
0.9705882352941176
0.9705882352941176
0.9835294117647058
0.9705882352941176
0.9835294117647058
0.9835294117647058
0.9835294117647058
0.9964705882352941
0.9964705882352941
0.9835294117647058
0.9835294117647058
0.9964705882352941
1.0094117647058822
0.9964705882352941
0.9964705882352941
0.9964705882352941
0.9964705882352941
0.9964705882352941
1.0094117647058822
1.0094117647058822
1.0094117647058822
1.0223529411764705
1.0094117647058822
1.0094117647058822
1.0223529411764705
1.0094117647058822
1.0223529411764705
1.0223529411764705
1.0094117647058822
1.0223529411764705
1.0094117647058822
1.0223529411764705
1.035294117647059
1.0223529411764705
1.035294117647059
1.0223529411764705
1.0223529411764705
1.0223529411764705
1.035294117647059
1.035294117647059
1.035294117647059
1.0223529411764705
1.035294117647059
1.035294117647059
1.035294117647059
1.035294117647059
1.035294117647059
1.035294117647059
1.035294117647059
1.035294117647059
1.0482352941176472
1.035294117647059
1.035294117647059
1.035294117647059
1.035294117647059
1.035294117647059
1.035294117647059
1.0611764705882352
1.0482352941176472
1.035294117647059
1.035294117647059
1.0482352941176472
1.035294117647059
1.0482352941176472
1.0482352941176472
1.0611764705882352
1.0482352941176472
1.035294117647059
1.0482352941176472
1.0482352941176472
1.0482352941176472
1.0482352941176472
1.0611764705882352
1.0482352941176472
1.0482352941176472
1.0482352941176472
1.0482352941176472
1.0482352941176472
1.0611764705882352
1.0611764705882352
1.0482352941176472
1.0482352941176472
1.0482352941176472
1.0482352941176472
1.0611764705882352
1.0482352941176472
1.0482352941176472
1.0482352941176472
1.0482352941176472
1.0482352941176472
1.0482352941176472
1.0611764705882352
1.0482352941176472
1.0482352941176472
1.0482352941176472
1.035294117647059
1.0611764705882352
1.0482352941176472
1.0482352941176472
1.0482352941176472
1.0482352941176472
1.0482352941176472
1.0482352941176472
1.0482352941176472
1.0482352941176472
1.0482352941176472
1.0611764705882352
1.0611764705882352
1.0482352941176472
1.0611764705882352
1.0611764705882352
1.0611764705882352
1.0611764705882352
1.0611764705882352
1.0611764705882352
1.0611764705882352
1.0482352941176472
1.0611764705882352
1.0482352941176472
1.0611764705882352
1.0482352941176472
1.0611764705882352
1.0611764705882352
1.0482352941176472
1.0611764705882352
1.0611764705882352
1.0611764705882352
1.0482352941176472
1.0611764705882352
1.0611764705882352
1.0482352941176472
1.0482352941176472
1.0611764705882352
1.0611764705882352
1.0611764705882352
1.0611764705882352
1.0611764705882352
1.0482352941176472
1.0611764705882352
1.0611764705882352
1.0482352941176472
1.0611764705882352
1.0611764705882352
1.0611764705882352
1.0611764705882352
1.0611764705882352
1.0611764705882352
1.0611764705882352
1.0611764705882352
1.0611764705882352
1.0482352941176472
1.0482352941176472
1.0611764705882352
1.0611764705882352
1.0741176470588234
1.0482352941176472
1.035294117647059
1.0223529411764705
0.9964705882352941
0.9964705882352941
0.9835294117647058
0.9705882352941176
0.9576470588235294
0.9447058823529411
0.9317647058823529
0.9317647058823529
0.9188235294117646
0.9058823529411765
0.8929411764705882
0.8929411764705882
0.8799999999999999
0.8799999999999999
0.8541176470588234
0.8541176470588234
0.8411764705882353
0.8411764705882353
0.8282352941176471
0.8282352941176471
0.8023529411764706
0.8152941176470587
0.7894117647058823
0.7894117647058823
0.7894117647058823
0.7635294117647058
0.7635294117647058
0.7635294117647058
0.7505882352941176
0.7376470588235294
0.7247058823529411
0.7247058823529411
0.711764705882353
0.7247058823529411
0.6988235294117646
0.6858823529411764
0.6988235294117646
0.6858823529411764
0.6858823529411764
0.6858823529411764
0.6729411764705883
0.6729411764705883
0.6729411764705883
0.6729411764705883
0.6470588235294118
0.6470588235294118
0.6470588235294118
0.6341176470588235
0.6341176470588235
0.6211764705882352
0.6341176470588235
0.6211764705882352
0.6211764705882352
0.6211764705882352
0.6211764705882352
0.5952941176470588
0.5952941176470588
0.5952941176470588
0.5952941176470588
0.5823529411764706
0.5823529411764706
0.5694117647058823
0.5694117647058823
0.5564705882352942
0.5694117647058823
0.5564705882352942
0.5564705882352942
0.5564705882352942
0.5435294117647058
0.5435294117647058
0.5305882352941176
0.5305882352941176
0.5305882352941176
0.5305882352941176
0.5305882352941176
0.5176470588235295
0.5047058823529411
0.5176470588235295
0.5047058823529411
0.5047058823529411
0.5047058823529411
0.5047058823529411
0.5047058823529411
0.5047058823529411
0.4788235294117647
0.4788235294117647
0.4788235294117647
0.4788235294117647
0.4788235294117647
0.46588235294117647
0.46588235294117647
0.4788235294117647
0.45294117647058824
0.4788235294117647
0.45294117647058824
0.45294117647058824
0.45294117647058824
0.43999999999999995
0.43999999999999995
0.43999999999999995
0.4270588235294117
0.43999999999999995
0.4270588235294117
0.4270588235294117
0.43999999999999995
0.4270588235294117
0.4270588235294117
0.41411764705882353
0.41411764705882353
0.41411764705882353
0.4270588235294117
0.41411764705882353
0.41411764705882353
0.41411764705882353
0.4011764705882353
0.4011764705882353
0.4011764705882353
0.4011764705882353
0.38823529411764707
0.38823529411764707
0.4011764705882353
0.4011764705882353
0.3752941176470588
0.3752941176470588
0.3752941176470588
0.38823529411764707
0.3752941176470588
0.3752941176470588
0.3752941176470588
0.3752941176470588
0.3752941176470588
0.36235294117647054
0.36235294117647054
0.36235294117647054
0.36235294117647054
0.36235294117647054
0.3494117647058823
0.36235294117647054
0.3494117647058823
0.3494117647058823
0.3494117647058823
0.3494117647058823
0.33647058823529413
0.33647058823529413
0.33647058823529413
0.3494117647058823
0.33647058823529413
0.3235294117647059
0.3235294117647059
0.33647058823529413
0.33647058823529413
0.3235294117647059
0.3235294117647059
0.33647058823529413
0.3235294117647059
0.3235294117647059
0.3235294117647059
0.3105882352941176
0.3105882352941176
0.3105882352941176
0.3105882352941176
0.3105882352941176
0.3105882352941176
0.3105882352941176
0.2976470588235294
0.2976470588235294
0.3105882352941176
0.2976470588235294
0.3105882352941176
0.2976470588235294
0.2976470588235294
0.2976470588235294
0.28470588235294114
0.2976470588235294
0.28470588235294114
0.2717647058823529
0.28470588235294114
0.28470588235294114
0.28470588235294114
0.28470588235294114
0.28470588235294114
0.28470588235294114
0.2717647058823529
0.28470588235294114
0.2717647058823529
0.28470588235294114
0.2717647058823529
0.2717647058823529
0.25882352941176473
0.25882352941176473
0.25882352941176473
0.2717647058823529
0.25882352941176473
0.25882352941176473
0.25882352941176473
0.25882352941176473
0.25882352941176473
0.25882352941176473
0.24588235294117644
0.24588235294117644
0.25882352941176473
0.25882352941176473
0.24588235294117644
0.24588235294117644
0.23294117647058823
0.24588235294117644
0.24588235294117644
0.23294117647058823
0.23294117647058823
0.24588235294117644
0.24588235294117644
0.24588235294117644
0.24588235294117644
0.23294117647058823
0.23294117647058823
0.24588235294117644
0.23294117647058823
0.23294117647058823
0.23294117647058823
0.21999999999999997
0.23294117647058823
0.23294117647058823
0.21999999999999997
0.21999999999999997
0.21999999999999997
0.21999999999999997
0.21999999999999997
0.21999999999999997
0.20705882352941177
0.21999999999999997
0.21999999999999997
0.21999999999999997
0.20705882352941177
0.20705882352941177
0.21999999999999997
0.20705882352941177
0.20705882352941177
0.23294117647058823
0.20705882352941177
0.20705882352941177
0.20705882352941177
0.20705882352941177
0.20705882352941177
0.20705882352941177
0.19411764705882353
0.19411764705882353
0.20705882352941177
0.19411764705882353
0.20705882352941177
0.19411764705882353
0.20705882352941177
0.19411764705882353
0.19411764705882353
0.18117647058823527
0.19411764705882353
0.19411764705882353
0.18117647058823527
0.18117647058823527
0.19411764705882353
0.18117647058823527
0.18117647058823527
0.18117647058823527
0.19411764705882353
0.18117647058823527
0.18117647058823527
0.19411764705882353
0.18117647058823527
0.16823529411764707
0.18117647058823527
0.18117647058823527
0.18117647058823527
0.18117647058823527
0.18117647058823527
0.16823529411764707
0.16823529411764707
0.18117647058823527
0.18117647058823527
0.16823529411764707
0.16823529411764707
0.16823529411764707
0.18117647058823527
0.16823529411764707
0.18117647058823527
0.16823529411764707
0.16823529411764707
0.16823529411764707
0.16823529411764707
0.1552941176470588
0.16823529411764707
0.16823529411764707
0.16823529411764707
0.16823529411764707
0.16823529411764707
0.16823529411764707
0.16823529411764707
0.1552941176470588
0.1552941176470588
0.16823529411764707
0.1552941176470588
0.14235294117647057
0.1552941176470588
0.1552941176470588
0.16823529411764707
0.14235294117647057
0.1552941176470588
0.1552941176470588
0.1552941176470588
0.14235294117647057
0.1552941176470588
0.14235294117647057
0.1552941176470588
0.1552941176470588
0.14235294117647057
0.14235294117647057
0.14235294117647057
0.12941176470588237
0.14235294117647057
0.14235294117647057
0.14235294117647057
0.14235294117647057
0.12941176470588237
0.14235294117647057
0.14235294117647057
0.14235294117647057
0.14235294117647057
0.12941176470588237
0.14235294117647057
0.12941176470588237
0.14235294117647057
0.14235294117647057
0.14235294117647057
0.12941176470588237
0.12941176470588237
0.12941176470588237
0.12941176470588237
0.14235294117647057
0.14235294117647057
0.12941176470588237
0.12941176470588237
0.12941176470588237
0.12941176470588237
0.12941176470588237
0.12941176470588237
0.11647058823529412
0.12941176470588237
0.12941176470588237
0.12941176470588237
0.11647058823529412
0.11647058823529412
0.11647058823529412
0.12941176470588237
0.11647058823529412
0.11647058823529412
0.12941176470588237
0.11647058823529412
0.12941176470588237
0.12941176470588237
0.11647058823529412
0.11647058823529412
0.11647058823529412
0.11647058823529412
0.11647058823529412
0.11647058823529412
0.11647058823529412
0.11647058823529412
0.11647058823529412
0.11647058823529412
0.10352941176470588
0.11647058823529412
0.11647058823529412
0.11647058823529412
0.11647058823529412
0.11647058823529412
0.11647058823529412
0.11647058823529412
0.10352941176470588
0.10352941176470588
0.11647058823529412
0.10352941176470588
0.10352941176470588
0.10352941176470588
0.11647058823529412
0.11647058823529412
0.11647058823529412
0.11647058823529412
0.10352941176470588
0.10352941176470588
0.10352941176470588
0.10352941176470588
0.11647058823529412
0.11647058823529412
0.10352941176470588
0.10352941176470588
0.10352941176470588
0.10352941176470588
0.10352941176470588
0.10352941176470588
0.10352941176470588
0.10352941176470588
0.10352941176470588
0.0776470588235294
0.10352941176470588
0.10352941176470588
0.10352941176470588
0.10352941176470588
0.09058823529411764
0.09058823529411764
0.10352941176470588
0.10352941176470588
0.10352941176470588
0.10352941176470588
0.09058823529411764
0.09058823529411764
0.09058823529411764
0.10352941176470588
0.10352941176470588
0.09058823529411764
0.09058823529411764
0.09058823529411764
0.09058823529411764
0.0776470588235294
0.09058823529411764
0.09058823529411764
0.0776470588235294
0.09058823529411764
0.09058823529411764
0.09058823529411764
0.09058823529411764
0.0776470588235294
0.0776470588235294
0.09058823529411764
0.0776470588235294
0.09058823529411764
0.0776470588235294
0.09058823529411764
0.0776470588235294
0.0776470588235294
0.09058823529411764
0.0776470588235294
0.0776470588235294
0.0776470588235294
0.09058823529411764
0.09058823529411764
0.0776470588235294
0.06470588235294118
0.09058823529411764
0.0776470588235294
0.0776470588235294
0.0776470588235294
0.0776470588235294
0.0776470588235294
0.0776470588235294
0.0776470588235294
0.0776470588235294
0.09058823529411764
0.0776470588235294
0.0776470588235294
0.0776470588235294
0.09058823529411764
0.06470588235294118
0.06470588235294118
0.0776470588235294
0.0776470588235294
0.0776470588235294
0.0776470588235294
0.0776470588235294
0.0776470588235294
0.0776470588235294
0.06470588235294118
0.06470588235294118
0.0776470588235294
0.06470588235294118
0.0776470588235294
0.06470588235294118
0.06470588235294118
0.0776470588235294
0.0776470588235294
0.06470588235294118
0.06470588235294118
0.06470588235294118
0.0776470588235294
0.06470588235294118
0.0776470588235294
0.06470588235294118
0.0776470588235294
0.0776470588235294
0.06470588235294118
0.0776470588235294
0.06470588235294118
0.06470588235294118
0.06470588235294118
0.0776470588235294
0.0776470588235294
0.06470588235294118
0.0776470588235294
0.0776470588235294
0.0776470588235294
0.06470588235294118
0.06470588235294118
0.06470588235294118
0.0776470588235294
0.0776470588235294
0.0776470588235294
0.06470588235294118
0.06470588235294118
0.05176470588235294